评估指标
	Metric	ANN	KNN	LightGBM	LSTM	PLS	RF	Ridge	TabNet	XGboost	SVM
train	R²	0.823385704	0.446948492	0.706580145	0.6802027	0.488298154	0.831022942	0.48829405	0.837698828	0.708970951	0.733728835
train	MAE	0.032001867	0.057515778	0.041433795	0.03758134	0.058493836	0.030067919	0.058484861	0.032012746	0.041490903	0.03857645
train	MSE	0.002350103	0.007359133	0.003966939	0.003296746	0.006918039	0.002248479	0.006918094	0.002194258	0.003964908	0.003599898
train	RMSE	0.048477862	0.085785389	0.062983639	0.057417299	0.083174748	0.047418128	0.083175082	0.046842906	0.062967515	0.059999146
validation	R²	0.730040227	0.417341111	0.675649058	0.691598588	0.475334477	0.743150633	0.475354153	0.74364236	0.677300464	0.702778419
validation	MAE	0.038520577	0.059573839	0.042452211	0.06030131	0.057823173	0.036805214	0.057815988	0.038158	0.042104384	0.040554334
validation	MSE	0.003634813	0.007845081	0.004316993	0.007900244	0.006983108	0.003458291	0.006982846	0.003412027	0.004149101	0.003955911
validation	RMSE	0.060289412	0.08857246	0.06570383	0.088883317	0.083564991	0.058807236	0.083563424	0.05841256	0.064413516	0.062896036
test	R²	0.734268405	0.417130753	0.6769714	0.624496267	0.468788529	0.737519298	0.468821647	0.738502637	0.696414308	0.708642477
test	MAE	0.038340114	0.059716143	0.042244533	0.035256702	0.05757657	0.037422686	0.05756563	0.038739468	0.041752875	0.040092247
test	MSE	0.003614384	0.007927974	0.004200693	0.003269071	0.006907922	0.003570166	0.006907491	0.003465556	0.003998669	0.00378884
test	RMSE	0.060119745	0.089039169	0.064812754	0.057175794	0.08311391	0.059750868	0.083111319	0.058868971	0.063235034	0.06155355


